50 1225
0 1 82
0 2 86
0 3 41
0 4 95
0 5 94
0 6 62
0 7 80
0 8 45
0 9 94
0 10 59
0 11 41
0 12 73
0 13 56
0 14 24
0 15 73
0 16 94
0 17 2
0 18 88
0 19 20
0 20 20
0 21 35
0 22 22
0 23 64
0 24 63
0 25 64
0 26 22
0 27 9
0 28 1
0 29 32
0 30 12
0 31 73
0 32 41
0 33 88
0 34 20
0 35 60
0 36 9
0 37 77
0 38 65
0 39 9
0 40 22
0 41 43
0 42 29
0 43 60
0 44 50
0 45 79
0 46 38
0 47 93
0 48 89
0 49 23
1 2 78
1 3 27
1 4 87
1 5 9
1 6 46
1 7 83
1 8 78
1 9 45
1 10 81
1 11 99
1 12 97
1 13 56
1 14 56
1 15 10
1 16 45
1 17 32
1 18 24
1 19 35
1 20 85
1 21 54
1 22 66
1 23 91
1 24 44
1 25 51
1 26 10
1 27 86
1 28 87
1 29 20
1 30 4
1 31 100
1 32 29
1 33 36
1 34 95
1 35 89
1 36 20
1 37 69
1 38 37
1 39 12
1 40 70
1 41 36
1 42 54
1 43 100
1 44 72
1 45 29
1 46 89
1 47 33
1 48 11
1 49 69
2 3 81
2 4 44
2 5 1
2 6 69
2 7 33
2 8 58
2 9 73
2 10 12
2 11 100
2 12 30
2 13 96
2 14 26
2 15 60
2 16 42
2 17 72
2 18 70
2 19 47
2 20 31
2 21 29
2 22 37
2 23 2
2 24 13
2 25 14
2 26 5
2 27 65
2 28 54
2 29 95
2 30 90
2 31 64
2 32 34
2 33 19
2 34 85
2 35 13
2 36 4
2 37 52
2 38 21
2 39 10
2 40 97
2 41 57
2 42 97
2 43 72
2 44 97
2 45 55
2 46 6
2 47 75
2 48 14
2 49 46
3 4 27
3 5 88
3 6 31
3 7 95
3 8 70
3 9 22
3 10 77
3 11 60
3 12 76
3 13 13
3 14 94
3 15 68
3 16 76
3 17 39
3 18 63
3 19 68
3 20 64
3 21 87
3 22 41
3 23 40
3 24 48
3 25 31
3 26 35
3 27 77
3 28 30
3 29 36
3 30 1
3 31 75
3 32 63
3 33 37
3 34 64
3 35 62
3 36 32
3 37 58
3 38 99
3 39 84
3 40 7
3 41 39
3 42 37
3 43 65
3 44 25
3 45 71
3 46 5
3 47 98
3 48 63
3 49 5
4 5 62
4 6 6
4 7 89
4 8 10
4 9 99
4 10 66
4 11 8
4 12 89
4 13 73
4 14 61
4 15 3
4 16 82
4 17 55
4 18 66
4 19 29
4 20 11
4 21 27
4 22 7
4 23 8
4 24 13
4 25 78
4 26 77
4 27 28
4 28 3
4 29 75
4 30 33
4 31 24
4 32 72
4 33 63
4 34 84
4 35 27
4 36 62
4 37 84
4 38 72
4 39 36
4 40 37
4 41 33
4 42 74
4 43 11
4 44 72
4 45 76
4 46 4
4 47 40
4 48 60
4 49 67
5 6 27
5 7 50
5 8 100
5 9 95
5 10 67
5 11 61
5 12 35
5 13 37
5 14 92
5 15 14
5 16 18
5 17 89
5 18 32
5 19 23
5 20 95
5 21 89
5 22 20
5 23 23
5 24 80
5 25 76
5 26 53
5 27 82
5 28 29
5 29 25
5 30 12
5 31 67
5 32 8
5 33 79
5 34 70
5 35 99
5 36 95
5 37 6
5 38 3
5 39 53
5 40 35
5 41 52
5 42 8
5 43 52
5 44 80
5 45 9
5 46 66
5 47 91
5 48 14
5 49 67
6 7 23
6 8 8
6 9 68
6 10 84
6 11 100
6 12 32
6 13 1
6 14 88
6 15 30
6 16 20
6 17 97
6 18 10
6 19 37
6 20 77
6 21 18
6 22 56
6 23 6
6 24 44
6 25 27
6 26 17
6 27 67
6 28 24
6 29 9
6 30 21
6 31 2
6 32 17
6 33 89
6 34 99
6 35 26
6 36 28
6 37 40
6 38 10
6 39 16
6 40 32
6 41 64
6 42 61
6 43 33
6 44 90
6 45 5
6 46 26
6 47 20
6 48 73
6 49 69
7 8 90
7 9 33
7 10 49
7 11 66
7 12 91
7 13 38
7 14 67
7 15 57
7 16 15
7 17 75
7 18 54
7 19 14
7 20 83
7 21 51
7 22 69
7 23 87
7 24 32
7 25 43
7 26 38
7 27 79
7 28 6
7 29 90
7 30 49
7 31 56
7 32 21
7 33 36
7 34 17
7 35 69
7 36 65
7 37 44
7 38 82
7 39 47
7 40 98
7 41 30
7 42 29
7 43 27
7 44 5
7 45 65
7 46 32
7 47 66
7 48 49
7 49 6
8 9 14
8 10 9
8 11 6
8 12 35
8 13 62
8 14 33
8 15 95
8 16 9
8 17 39
8 18 66
8 19 70
8 20 35
8 21 91
8 22 1
8 23 17
8 24 68
8 25 34
8 26 40
8 27 43
8 28 18
8 29 2
8 30 74
8 31 45
8 32 16
8 33 73
8 34 7
8 35 46
8 36 93
8 37 31
8 38 45
8 39 33
8 40 15
8 41 7
8 42 13
8 43 62
8 44 43
8 45 90
8 46 82
8 47 61
8 48 76
8 49 100
9 10 85
9 11 35
9 12 19
9 13 58
9 14 68
9 15 7
9 16 68
9 17 27
9 18 35
9 19 76
9 20 68
9 21 6
9 22 34
9 23 17
9 24 76
9 25 71
9 26 89
9 27 58
9 28 81
9 29 84
9 30 31
9 31 78
9 32 73
9 33 33
9 34 46
9 35 12
9 36 27
9 37 62
9 38 57
9 39 83
9 40 91
9 41 54
9 42 83
9 43 13
9 44 38
9 45 53
9 46 8
9 47 25
9 48 7
9 49 7
10 11 48
10 12 17
10 13 47
10 14 14
10 15 96
10 16 77
10 17 84
10 18 93
10 19 80
10 20 58
10 21 59
10 22 78
10 23 61
10 24 53
10 25 49
10 26 13
10 27 92
10 28 50
10 29 59
10 30 35
10 31 71
10 32 7
10 33 53
10 34 81
10 35 44
10 36 71
10 37 57
10 38 74
10 39 12
10 40 7
10 41 83
10 42 94
10 43 14
10 44 63
10 45 58
10 46 26
10 47 12
10 48 21
10 49 37
11 12 57
11 13 68
11 14 3
11 15 96
11 16 31
11 17 58
11 18 82
11 19 67
11 20 90
11 21 51
11 22 2
11 23 52
11 24 81
11 25 52
11 26 31
11 27 52
11 28 57
11 29 14
11 30 26
11 31 85
11 32 57
11 33 90
11 34 46
11 35 84
11 36 60
11 37 8
11 38 50
11 39 34
11 40 2
11 41 24
11 42 93
11 43 11
11 44 24
11 45 88
11 46 44
11 47 46
11 48 4
11 49 91
12 13 61
12 14 5
12 15 31
12 16 46
12 17 66
12 18 19
12 19 97
12 20 60
12 21 85
12 22 21
12 23 27
12 24 91
12 25 91
12 26 50
12 27 51
12 28 85
12 29 54
12 30 66
12 31 92
12 32 57
12 33 95
12 34 22
12 35 75
12 36 12
12 37 74
12 38 91
12 39 29
12 40 67
12 41 38
12 42 30
12 43 47
12 44 86
12 45 74
12 46 65
12 47 24
12 48 53
12 49 94
13 14 85
13 15 46
13 16 75
13 17 3
13 18 92
13 19 77
13 20 67
13 21 87
13 22 22
13 23 97
13 24 14
13 25 90
13 26 57
13 27 9
13 28 71
13 29 12
13 30 11
13 31 52
13 32 95
13 33 100
13 34 72
13 35 33
13 36 57
13 37 21
13 38 61
13 39 51
13 40 90
13 41 56
13 42 3
13 43 5
13 44 72
13 45 90
13 46 42
13 47 1
13 48 52
13 49 19
14 15 92
14 16 26
14 17 88
14 18 30
14 19 87
14 20 35
14 21 91
14 22 71
14 23 16
14 24 42
14 25 71
14 26 52
14 27 5
14 28 15
14 29 93
14 30 89
14 31 98
14 32 95
14 33 49
14 34 92
14 35 91
14 36 30
14 37 89
14 38 6
14 39 4
14 40 15
14 41 33
14 42 100
14 43 9
14 44 6
14 45 1
14 46 34
14 47 94
14 48 99
14 49 77
15 16 12
15 17 87
15 18 11
15 19 8
15 20 83
15 21 20
15 22 65
15 23 81
15 24 10
15 25 78
15 26 78
15 27 26
15 28 62
15 29 32
15 30 67
15 31 94
15 32 7
15 33 57
15 34 38
15 35 48
15 36 51
15 37 100
15 38 3
15 39 3
15 40 83
15 41 97
15 42 64
15 43 20
15 44 98
15 45 86
15 46 44
15 47 94
15 48 8
15 49 39
16 17 88
16 18 16
16 19 58
16 20 7
16 21 57
16 22 44
16 23 83
16 24 14
16 25 73
16 26 99
16 27 95
16 28 97
16 29 37
16 30 43
16 31 91
16 32 69
16 33 81
16 34 22
16 35 5
16 36 47
16 37 2
16 38 40
16 39 72
16 40 72
16 41 65
16 42 78
16 43 99
16 44 5
16 45 29
16 46 23
16 47 40
16 48 98
16 49 23
17 18 87
17 19 67
17 20 4
17 21 58
17 22 95
17 23 83
17 24 1
17 25 61
17 26 63
17 27 47
17 28 51
17 29 68
17 30 4
17 31 16
17 32 87
17 33 70
17 34 39
17 35 66
17 36 60
17 37 80
17 38 95
17 39 89
17 40 41
17 41 31
17 42 85
17 43 88
17 44 90
17 45 84
17 46 89
17 47 52
17 48 18
17 49 54
18 19 14
18 20 31
18 21 75
18 22 23
18 23 67
18 24 65
18 25 38
18 26 93
18 27 45
18 28 48
18 29 11
18 30 32
18 31 17
18 32 89
18 33 89
18 34 74
18 35 34
18 36 45
18 37 49
18 38 86
18 39 55
18 40 65
18 41 57
18 42 17
18 43 94
18 44 64
18 45 93
18 46 14
18 47 11
18 48 53
18 49 95
19 20 48
19 21 59
19 22 4
19 23 84
19 24 18
19 25 97
19 26 20
19 27 30
19 28 51
19 29 97
19 30 61
19 31 35
19 32 61
19 33 96
19 34 79
19 35 60
19 36 64
19 37 60
19 38 10
19 39 28
19 40 3
19 41 5
19 42 50
19 43 16
19 44 5
19 45 12
19 46 28
19 47 1
19 48 62
19 49 12
20 21 86
20 22 8
20 23 56
20 24 52
20 25 13
20 26 92
20 27 22
20 28 65
20 29 80
20 30 23
20 31 94
20 32 33
20 33 19
20 34 5
20 35 27
20 36 21
20 37 11
20 38 48
20 39 67
20 40 4
20 41 37
20 42 92
20 43 88
20 44 15
20 45 14
20 46 54
20 47 57
20 48 83
20 49 88
21 22 30
21 23 45
21 24 2
21 25 26
21 26 28
21 27 20
21 28 48
21 29 24
21 30 5
21 31 93
21 32 98
21 33 38
21 34 88
21 35 51
21 36 21
21 37 41
21 38 67
21 39 95
21 40 32
21 41 30
21 42 71
21 43 1
21 44 60
21 45 49
21 46 90
21 47 97
21 48 44
21 49 21
22 23 54
22 24 52
22 25 87
22 26 44
22 27 68
22 28 42
22 29 27
22 30 61
22 31 63
22 32 38
22 33 81
22 34 29
22 35 82
22 36 15
22 37 16
22 38 93
22 39 80
22 40 26
22 41 8
22 42 98
22 43 35
22 44 25
22 45 11
22 46 54
22 47 69
22 48 60
22 49 95
23 24 16
23 25 73
23 26 42
23 27 14
23 28 14
23 29 86
23 30 70
23 31 95
23 32 19
23 33 37
23 34 68
23 35 2
23 36 43
23 37 81
23 38 52
23 39 90
23 40 22
23 41 22
23 42 69
23 43 64
23 44 66
23 45 55
23 46 56
23 47 17
23 48 58
23 49 76
24 25 39
24 26 62
24 27 33
24 28 92
24 29 15
24 30 36
24 31 97
24 32 79
24 33 23
24 34 47
24 35 3
24 36 74
24 37 52
24 38 97
24 39 9
24 40 14
24 41 41
24 42 55
24 43 65
24 44 99
24 45 12
24 46 5
24 47 5
24 48 3
24 49 85
25 26 78
25 27 76
25 28 53
25 29 69
25 30 18
25 31 56
25 32 23
25 33 58
25 34 59
25 35 63
25 36 6
25 37 88
25 38 19
25 39 29
25 40 78
25 41 48
25 42 22
25 43 22
25 44 87
25 45 15
25 46 17
25 47 93
25 48 98
25 49 81
26 27 79
26 28 65
26 29 74
26 30 35
26 31 62
26 32 35
26 33 30
26 34 97
26 35 27
26 36 70
26 37 37
26 38 61
26 39 21
26 40 96
26 41 20
26 42 27
26 43 86
26 44 38
26 45 20
26 46 10
26 47 66
26 48 37
26 49 72
27 28 27
27 29 1
27 30 30
27 31 66
27 32 84
27 33 66
27 34 67
27 35 86
27 36 80
27 37 13
27 38 17
27 39 19
27 40 2
27 41 96
27 42 85
27 43 51
27 44 42
27 45 98
27 46 59
27 47 60
27 48 18
27 49 99
28 29 51
28 30 82
28 31 73
28 32 19
28 33 31
28 34 80
28 35 2
28 36 74
28 37 74
28 38 7
28 39 65
28 40 37
28 41 13
28 42 53
28 43 1
28 44 70
28 45 7
28 46 69
28 47 21
28 48 34
28 49 20
29 30 29
29 31 26
29 32 49
29 33 71
29 34 97
29 35 72
29 36 92
29 37 99
29 38 20
29 39 49
29 40 61
29 41 53
29 42 13
29 43 94
29 44 96
29 45 19
29 46 54
29 47 37
29 48 42
29 49 96
30 31 75
30 32 53
30 33 100
30 34 82
30 35 11
30 36 61
30 37 15
30 38 61
30 39 39
30 40 42
30 41 88
30 42 82
30 43 15
30 44 86
30 45 37
30 46 16
30 47 47
30 48 12
30 49 72
31 32 71
31 33 11
31 34 39
31 35 70
31 36 76
31 37 25
31 38 95
31 39 54
31 40 1
31 41 1
31 42 63
31 43 90
31 44 99
31 45 38
31 46 37
31 47 41
31 48 74
31 49 60
32 33 29
32 34 91
32 35 41
32 36 81
32 37 23
32 38 80
32 39 80
32 40 19
32 41 3
32 42 95
32 43 46
32 44 12
32 45 47
32 46 66
32 47 76
32 48 68
32 49 42
33 34 57
33 35 50
33 36 99
33 37 62
33 38 48
33 39 22
33 40 19
33 41 19
33 42 56
33 43 43
33 44 12
33 45 11
33 46 39
33 47 25
33 48 51
33 49 33
34 35 71
34 36 88
34 37 30
34 38 45
34 39 72
34 40 42
34 41 75
34 42 12
34 43 80
34 44 88
34 45 21
34 46 6
34 47 43
34 48 44
34 49 74
35 36 58
35 37 21
35 38 21
35 39 9
35 40 21
35 41 60
35 42 29
35 43 84
35 44 63
35 45 37
35 46 65
35 47 41
35 48 68
35 49 40
36 37 88
36 38 74
36 39 79
36 40 71
36 41 72
36 42 45
36 43 82
36 44 80
36 45 88
36 46 13
36 47 46
36 48 43
36 49 30
37 38 66
37 39 97
37 40 84
37 41 85
37 42 77
37 43 27
37 44 87
37 45 63
37 46 92
37 47 79
37 48 87
37 49 80
38 39 23
38 40 19
38 41 80
38 42 65
38 43 81
38 44 19
38 45 36
38 46 28
38 47 52
38 48 46
38 49 35
39 40 2
39 41 18
39 42 80
39 43 31
39 44 2
39 45 35
39 46 100
39 47 86
39 48 36
39 49 29
40 41 64
40 42 7
40 43 6
40 44 11
40 45 51
40 46 63
40 47 6
40 48 51
40 49 79
41 42 97
41 43 21
41 44 45
41 45 40
41 46 41
41 47 90
41 48 94
41 49 82
42 43 64
42 44 61
42 45 99
42 46 28
42 47 95
42 48 8
42 49 52
43 44 43
43 45 29
43 46 47
43 47 15
43 48 77
43 49 77
44 45 24
44 46 64
44 47 67
44 48 17
44 49 61
45 46 66
45 47 83
45 48 28
45 49 13
46 47 53
46 48 52
46 49 25
47 48 43
47 49 100
48 49 50